1
2
3
4
5
6
7
8
9
10
12
13
14
15
16
17
18
20
21
22
23
24
25
26
27
28
30
32
33
34
35
36
38
40
47
48
49
50
51
52
53
54
55
56
57
58
59
60
61
62
63
64
65
66
67
69
71
72
73
74
75
76
77
78
79
80
81
82
84
85
87
88
89
90
93
94
95
96
97
98
99
101
103
105
106
107
108
109
110
111
112
114
116
117
118
119
120
121
122
124
125
126
127
128
183
226
232
259
631
632
649
664
689
712
729
852
865

11
19
29
113
115
169
278
301
316
317
321
324
325
338
341
357
369
372
377
381
383
384
386
388
389
396
400
402
405
419
422
423
425
426
429
431
435
444
451
460
464
467
468
476
477
479
482
489
494
524
543
550
625
707
745
811

31
70
83
86
92
100
102
315
320
326
327
328
331
334
340
344
345
351
355
358
360
362
365
370
371
375
376
380
382
392
393
394
395
398
403
404
408
421
433
436
439
440
441
519
528
591

37
39
41
43
44
45
46
179
193
204
205
209
214
220
222
224
225
234
261
264
266
268
269
270
294
305
309
319
322
342
385
387
390
391
399
412
424
432
470
475
645
647
688
690
691
693
694
746
747
758
770
771
774
776
777
789
810
835
870
871
875
882
952
974
990
993
1007
1009
1030
1033
1055
1058
1089
1091
1094

42
68
91
104
123
129
149
153
156
189
240
241
243
244
245
248
250
254
255
256
258
260
271
274
275
279
295
297
300
306
339
346
347
350
353
363
406
413
416
438
442
454
472
473
481
483
487
490
491
492
493
495
496
497
498
499
500
501
502
503
504
505
506
507
508
509
512
514
515
516
517
652
715
721
725
749
753
809
816
883
917
920
929

130
131
132
133
134
135
136
137
138
139
140
141
143
144
145
146
147
148
150
151
152
154
155
157
158
159
160
161
162
165
167
168
170
171
173
174
177
178
180
181
182
185
186
187
188
190
191
192
194
195
196
197
199
201
202
203
206
207
208
210
215
217
219
221
223
227
229
230
231
235
236
237
238
239
242
246
247
251
252
253
257
265
267
272
273
276
277
280
281
282
283
284
285
286
287
288
289
290
291
292
293
298
299
302
303
307
311
313
314
318
323
329
330
333
335
343
348
349
352
354
356
359
361
364
366
367
368
373
374
378
379
407
409
410
411
414
415
417
418
427
434
437
446
447
449
452
453
457
458
459
461
462
463
465
469
478
484
486
488
510
511
518
521
522
525
549
551
552
560
561
562
617
618
620
623
628
630
634
650
655
666
672
679
686
692
714
716
717
728
750
761
762
763
765
768
769
772
773
775
779
782
783
785
787
788
790
808
863
878
892
899
901
902
904
906
1079
1095

142
166
172
175
198
200
211
212
213
216
218
228
312
332
471
474

163
184
233
249
263
336
448
455
456
711
742

164
176
778

262
296
304
308
337
397
401
443
445
450
466
480
513
533
534
597
624
638
642
651
653
654
657
658
659
660
661
662
663
665
667
668
669
670
671
673
674
675
676
677
678
681
682
684
685
695
696
697
698
699
701
703
710
713
734
793

310
585

420
428
430
485
520
523
526
527
529
530
531
532
536
537
538
539
540
541
544
545
546
547
548
553
554
555
556
557
558
559
563
564
565
566
567
568
569
570
572
577
579
580
587
590
592
593
594
595
596
627
641
718
738
921
940
1022

535
542
571
573
574
575
576
578
581
582
583
584
586
588
589
598
599
600
601
602
603
604
605
606
607
608
609
610
611
612
613
614
615
616
619
621
622
626
629
633
636
637
639
640
643
644
687
736
737
739
741
743
748
792
796
827
854
860
1034
1036
1076

635
648
702
704
705
706
709
916
925
1067

646
751
781
794
798
799
801
812
815
823
831
839
840
841
842
845
846
848
849
853
861
877
880
885
886
887
888
890
894
895
896
897
898
903
907
910
911
912
915
923
931
932
934
935
937
939
941
948
954
955
956
957
959
960
968
969
970
971
973
976
978
981
985
991
996
997
1002
1010
1018
1021
1024
1026
1029

656
813
817
818
819
820
829
830
834
844
850
858
862
872
873
881
889
891
893
905
909
1013
1025
1027
1062
1093

680
683
708
719
720
722
723
724
726
727
814
836
900
908
913
914
918
919
922
924
926
927
928
930
933
936
938
946
950
966
984
986
989
992
994
1000
1008
1017
1049
1061
1064
1065
1070
1073
1074

700
730
731
732
733
735
740
744
752
754
755
756
757
759
760
764
766
767
780
784
786
791
795
797
800
802
803
804
805
806
807
855
856
869
884
945
947
949
951
953
958
961
962
963
964
965
967
972
975
977
979
980
982
983
1051

821
822
824
825
826
828
832
833
837
838
843
847
851
857
859
864
866
867
868
874
876
879
943
944
988
995
998
999
1003
1005
1006
1011
1012
1014
1015
1016
1019
1020
1023
1028
1031
1035
1037
1038
1039
1040
1041
1042
1043
1045
1046
1047
1048
1052
1053
1054
1056
1063
1066
1068
1069
1071
1072
1075
1077
1078
1080
1081
1082
1083
1084
1085
1086
1087
1088
1090
1092

942
987
1001
1004
1032
1044
1050
1057
1059
1060

