1
8
9
21
31
58
61
63
64
69
80
87
93
95
96
103
104
105
111
112
114
123
128
129
181
183
226
245
260
263
284
289
297
312
351
362
375
382
392
403
404
405
430
439
440
472
473
483
486
487
492
502
503
505
512
519
527
529
536
544
546
547
559
566
567
591
593
594
611
621
622
630
632
637
649
652
699
707
712
715
738
742
743
749
753
759
778
819
821
822
824
825
828
833
843
863
873
883
884
930
937
939
940
948
970
971
976
987
994
1014
1019
1021
1022
1039
1042
1051
1056
1059
1060
1061
1072

2
29
70
130
131
135
137
139
140
142
144
148
150
151
153
154
155
156
157
158
159
161
162
163
165
166
168
169
171
172
173
174
177
178
179
184
185
186
187
188
189
190
191
192
194
195
196
197
198
199
200
201
202
203
206
207
208
209
210
216
217
219
221
223
227
229
230
231
235
236
238
239
242
247
250
251
252
253
254
257
264
265
273
274
276
277
282
283
285
286
287
288
290
291
292
298
310
311
313
316
318
321
325
329
330
333
335
348
352
354
356
357
361
364
372
373
374
378
379
381
383
386
387
402
409
410
414
415
420
427
429
446
447
448
449
452
453
455
456
457
458
464
466
471
474
478
496
513
518
522
525
539
543
553
560
561
572
580
588
617
620
624
625
641
644
648
658
666
669
672
673
679
681
684
692
695
705
706
714
716
723
734
748
757
762
765
767
768
779
782
783
785
787
797
808
811
834
847
865
866
868
876
891
892
899
900
901
902
906
921
926
928
953
961
967
979
980
982
1016
1041
1052
1066
1077
1079
1080
1082
1084
1085
1086
1088
1095

3
6
7
12
14
18
23
24
25
27
30
33
34
35
38
40
42
48
49
50
51
54
55
56
57
59
62
65
66
68
71
72
73
74
75
76
78
81
84
88
89
90
91
92
94
97
98
99
100
101
102
106
108
109
110
116
117
118
119
120
122
124
125
126
127
232
241
255
259
315
320
327
328
331
334
345
346
360
370
371
408
421
428
441
454
481
490
497
498
499
500
501
504
507
508
528
537
538
570
571
577
578
583
584
585
598
602
604
605
606
607
609
610
613
615
616
619
633
640
646
664
689
709
711
721
724
729
812
815
841
842
848
849
864
877
896
897
911
912
913
917
929
935
938
954
955
956
957
966
969
985
1003
1005
1018
1026
1027
1032
1034
1036
1045
1076

4
13
26
28
37
44
46
67
86
113
115
132
133
134
136
138
141
143
145
146
147
149
152
160
164
167
170
175
176
180
182
193
204
205
211
212
213
215
218
220
222
224
225
228
233
234
237
240
246
248
249
262
266
267
270
272
278
279
280
281
293
294
295
296
299
300
301
303
304
305
306
307
308
309
314
317
319
322
323
324
332
336
337
338
341
342
343
344
349
353
359
365
367
368
369
377
380
384
385
388
389
390
391
396
397
399
400
401
407
411
412
417
418
419
422
423
424
425
431
432
434
435
436
437
443
444
445
450
451
459
460
461
462
463
465
467
468
469
470
475
476
477
479
482
484
488
489
491
493
494
509
510
511
517
521
530
535
542
549
551
552
555
556
557
558
562
573
581
586
590
599
603
612
618
623
628
634
635
645
647
650
651
653
654
655
656
657
659
661
668
670
671
674
676
677
680
682
683
685
686
690
691
693
694
696
698
700
703
713
717
718
719
720
722
726
728
730
731
732
733
735
739
740
744
745
746
747
750
751
754
755
756
758
760
761
763
764
766
769
770
771
772
773
774
775
776
777
780
784
786
788
789
791
793
794
798
800
801
802
803
804
806
807
809
810
813
817
818
820
826
829
830
831
832
835
837
838
839
840
844
845
846
850
851
852
853
856
857
858
859
861
862
867
869
870
871
872
874
875
878
879
880
881
882
887
889
890
893
894
895
898
903
904
905
907
909
910
915
919
920
923
931
932
934
941
942
943
944
945
947
951
952
958
959
960
962
963
964
965
968
972
973
974
975
977
978
981
983
988
990
991
993
995
996
997
998
999
1000
1001
1002
1006
1007
1008
1009
1010
1011
1012
1013
1020
1023
1024
1025
1028
1029
1030
1033
1035
1037
1038
1040
1043
1044
1046
1047
1048
1049
1050
1053
1054
1055
1057
1058
1062
1063
1065
1068
1069
1071
1074
1075
1078
1081
1083
1087
1089
1090
1091
1092
1094

5
10
15
16
17
19
20
22
32
36
39
41
43
45
47
52
53
60
77
79
82
83
85
107
121
214
243
244
256
258
261
268
269
271
275
302
326
339
340
347
350
355
358
363
366
376
393
394
395
398
413
416
426
433
438
442
480
485
495
506
514
515
516
520
523
526
531
532
533
534
540
541
545
548
550
554
563
568
569
574
575
576
579
582
587
589
592
597
600
601
608
614
626
627
629
631
636
638
639
642
643
660
662
663
665
667
675
678
687
688
697
701
702
704
708
710
725
727
736
737
741
752
781
790
792
795
796
799
805
814
827
854
855
860
885
886
908
914
918
922
924
925
927
933
946
949
950
984
986
989
992
1017
1031
1064
1067
1070
1073
1093

11

406

524

564

565

595

596

816

823

836

888

916

936

1004

1015

